45 10
443 10 987 987 443 10 443 987 443 443 987 443 443 443 987 443 987 987 10 987 10 443 10 443 443 987 987 443 443 987 10 443 443 443 714 443 443 987 10 987 443 443 987 443 987
45 10
359 359 359 359 359 359 359 359 359 359 359 359 359 359 359 359 359 359 359 359 359 359 359 359 359 359 359 359 359 359 359 359 359 359 359 359 359 359 359 359 359 359 359 359 359
45 3
669 669 669 669 669 917 669 669 669 669 669 669 917 917 669 669 917 669 669 669 669 669 669 669 669 669 917 669 669 669 669 669 669 669 669 917 669 669 669 669 917 669 669 917 917
5 2
5 8 10 5 8
45 10
18 486 311 311 311 18 18 440 18 486 440 440 486 486 486 18 440 486 486 440 486 440 486 486 311 311 440 311 311 311 440 18 311 18 311 311 18 440 18 440 18 440 18 486 18
45 10
515 35 35 515 35 262 262 262 35 515 515 262 515 262 368 35 262 262 368 368 368 368 368 515 35 262 515 35 368 368 368 515 515 35 35 515 262 515 262 35 368 368 35 262 262
